joints = [ 0.2584, -0.2783, -0.2761, -0.2317, -0.2273, -0.2269, -0.2202;
         -0.0642, -0.2736,  0.2749, -0.2206,  0.2261, -0.2093,  0.2191;
          0.0023,  0.2987, -0.1419,  0.6624, -0.141,   1.0374, -0.1409;
         -0.0059, -0.7077,  0.7065, -0.7077,  0.7065, -0.7077,  0.7065;
          0.0113,  0.7065,  0.7077,  0.7065,  0.7077,  0.7065,  0.7077;
          0.9999, -0.0122, -0.0038, -0.0122, -0.0038, -0.0122, -0.0038];

g0 = [ 7.600e-03 -7.040e-01  7.102e-01  7.957e-01;
     1.000e-04  7.102e-01  7.040e-01  9.965e-01;
    -1.000e+00 -5.300e-03  5.500e-03  3.058e-01;
     0.000e+00  0.000e+00  0.000e+00  1.000e+00];

gd = [ 0.         -1.          0.         -1.40435849;
      1.          0.          0.          0.30902799;
      0.          0.          1.         -2.17929911;
      0.          0.          0.          1.        ];